v3.0 hex words addressed
00: a0 a6 81 81 84 84 84 a3 a0 a4 49 6c 2e b0 13 b3
10: 8f 92 a1 c2 c0 bc bc 7e f8 e0 7c f1 b4 b4 c0 00
20: 00 00 00 00 00 00 00 00 00 00 00 00 00 00 00 00
30: 00 00 00 00 00 00 00 00 00 00 00 00 00 00 00 00
40: 00 00 00 00 00 00 00 00 00 00 00 00 00 00 00 00
50: 00 00 00 00 00 00 00 00 00 00 00 00 00 00 00 00
60: 00 00 00 00 00 00 00 00 00 00 00 00 00 00 00 00
70: 00 00 00 00 00 00 00 00 00 00 00 00 00 00 00 00
80: 67 7e 02 67 24 7f db ad 7c 4b 9c 5a 67 0a 7d 25
90: 07 4a 27 56 5c 07 7d 5c 6b cd 64 6a cb 24 ad cb
a0: 07 6d bd 47 4b 61 ac 4d 08 6a 2c 25 6d 5a da 6c
b0: 00 00 00 00 00 00 00 00 00 00 00 00 00 00 00 00
c0: 00 00 00 00 00 00 00 00 00 00 00 00 00 00 00 00
d0: 00 00 00 00 00 00 00 00 00 00 00 00 00 00 00 00
e0: 00 00 00 00 00 00 00 00 00 00 00 00 00 00 00 00
f0: 00 00 00 00 00 00 00 00 00 00 00 00 00 00 00 00
